Index: 0 ======================================================================
My Scores (1 for full): [1.0, 0.4, 0.4, 0.22, 0.5, 0.6, 0.22, 0.22, 0.22, 0.22, 0.33, 0.67, 0.4, 0.25, 0.33, 0.4, 0.25, 0.29, 0.4, 0.25, 0.25, 0.4, 0.29, 0.33, 0.29, 0.4, 0.25, 0.6, 0.25, 0.6, 0.4, 0.29, 0.4, 0.4, 0.6, 0.4, 0.25, 0.67, 0.5, 0.4, 0.4, 0.25, 0.25, 0.33, 0.4, 0.22, 0.33, 0.33, 1.0, 0.4]
My Average Score: 0.39
Match Rate:  1.0
Perfect Match Rate: 0.04
Official Score (1 for full): 0.42400000000000004
Index: 1 ======================================================================
My Scores (1 for full): [0.5, 0.8, 0.4, 0.44, 1.0, 0.4, 0.44, 0.44, 0.44, 0.44, 0.67, 0.67, 0.4, 0.5, 0.67, 0.4, 0.5, 0.57, 0.8, 0.5, 0.5, 0.8, 0.57, 0.67, 0.57, 0.4, 0.5, 0.4, 0.5, 0.4, 0.8, 0.57, 0.8, 0.8, 0.8, 0.8, 0.5, 0.67, 1.0, 0.8, 0.8, 0.5, 0.5, 0.67, 0.8, 0.44, 0.67, 0.67, 0.5, 0.8]
My Average Score: 0.6
Match Rate:  1.0
Perfect Match Rate: 0.04
Official Score (1 for full): 0.42400000000000004
Index: 2 ======================================================================
My Scores (1 for full): [0.25, 0.2, 0.6, 0.11, 0.25, 0.2, 0.11, 0.11, 0.11, 0.11, 0.17, 0.33, 0.2, 0.12, 0.17, 0.2, 0.12, 0.14, 0.2, 0.12, 0.12, 0.2, 0.14, 0.17, 0.14, 0.2, 0.12, 0.2, 0.12, 0.2, 0.2, 0.14, 0.2, 0.2, 0.2, 0.2, 0.12, 0.33, 0.25, 0.2, 0.2, 0.12, 0.12, 0.33, 0.2, 0.11, 0.17, 0.17, 0.25, 0.2]
My Average Score: 0.19
Match Rate:  1.0
Perfect Match Rate: 0.0
Official Score (1 for full): 0.4
Index: 3 ======================================================================
My Scores (1 for full): [0.5, 0.8, 0.4, 0.67, 1.0, 0.4, 0.67, 0.67, 0.67, 0.67, 0.67, 0.67, 0.4, 0.75, 0.67, 0.4, 0.75, 0.71, 0.8, 0.75, 0.75, 0.8, 0.86, 0.67, 0.86, 0.4, 0.75, 0.4, 0.75, 0.4, 0.8, 0.86, 0.8, 0.8, 0.8, 0.8, 0.75, 0.67, 1.0, 0.8, 0.8, 0.75, 0.75, 0.67, 0.8, 0.67, 0.67, 0.67, 0.5, 0.8]
My Average Score: 0.7
Match Rate:  1.0
Perfect Match Rate: 0.04
Official Score (1 for full): 0.42400000000000004
Index: 4 ======================================================================
My Scores (1 for full): [0.0, 0.0, 0.0, 0.0, 0.0, 0.0, 0.0, 0.0, 0.0, 0.0, 0.17, 0.0, 0.0, 0.0, 0.17, 0.0, 0.0, 0.0, 0.0, 0.0, 0.0, 0.0, 0.0, 0.17, 0.0, 0.0, 0.0, 0.0, 0.0, 0.0, 0.0, 0.0, 0.2, 0.2, 0.0, 0.2, 0.0, 0.0, 0.0, 0.0, 0.2, 0.0, 0.0, 0.0, 0.2, 0.0, 0.17, 0.17, 0.0, 0.2]
My Average Score: 0.04
Match Rate:  0.22
Perfect Match Rate: 0.0
Official Score (1 for full): 0.08800000000000001
Index: 5 ======================================================================
My Scores (1 for full): [1.0, 0.4, 0.4, 0.22, 0.5, 0.6, 0.22, 0.22, 0.22, 0.22, 0.33, 0.67, 0.4, 0.25, 0.33, 0.4, 0.25, 0.29, 0.4, 0.25, 0.25, 0.4, 0.29, 0.33, 0.29, 0.4, 0.25, 0.6, 0.25, 0.6, 0.4, 0.29, 0.4, 0.4, 0.6, 0.4, 0.25, 0.67, 0.5, 0.4, 0.4, 0.25, 0.25, 0.33, 0.4, 0.22, 0.33, 0.33, 1.0, 0.4]
My Average Score: 0.39
Match Rate:  1.0
Perfect Match Rate: 0.04
Official Score (1 for full): 0.42400000000000004
Index: 6 ======================================================================
My Scores (1 for full): [0.5, 0.8, 0.8, 0.67, 1.0, 0.4, 0.67, 0.67, 0.67, 0.67, 0.67, 0.67, 0.4, 0.75, 0.67, 0.4, 0.75, 0.71, 0.8, 0.75, 0.75, 0.8, 0.86, 0.67, 0.86, 0.4, 0.75, 0.4, 0.75, 0.4, 0.8, 0.86, 0.8, 0.8, 0.8, 0.8, 0.75, 0.67, 1.0, 0.8, 0.8, 0.75, 0.75, 0.83, 0.8, 0.67, 0.67, 0.67, 0.5, 0.8]
My Average Score: 0.71
Match Rate:  1.0
Perfect Match Rate: 0.04
Official Score (1 for full): 0.42400000000000004
Index: 7 ======================================================================
My Scores (1 for full): [0.5, 0.8, 0.8, 0.67, 1.0, 0.4, 0.67, 0.67, 0.67, 0.67, 0.67, 0.67, 0.4, 0.75, 0.67, 0.4, 0.75, 0.71, 0.8, 0.75, 0.75, 0.8, 0.86, 0.67, 0.86, 0.4, 0.75, 0.4, 0.75, 0.4, 0.8, 0.86, 0.8, 0.8, 0.8, 0.8, 0.75, 0.67, 1.0, 0.8, 0.8, 0.75, 0.75, 0.83, 0.8, 0.67, 0.67, 0.67, 0.5, 0.8]
My Average Score: 0.71
Match Rate:  1.0
Perfect Match Rate: 0.02
Official Score (1 for full): 0.41200000000000003
Index: 8 ======================================================================
My Scores (1 for full): [0.5, 0.8, 0.8, 0.67, 1.0, 0.4, 0.67, 0.67, 0.67, 0.67, 0.67, 0.67, 0.4, 0.75, 0.67, 0.4, 0.75, 0.71, 0.8, 0.75, 0.75, 0.8, 0.86, 0.67, 0.86, 0.4, 0.75, 0.4, 0.75, 0.4, 0.8, 0.86, 0.8, 0.8, 0.8, 0.8, 0.75, 0.67, 1.0, 0.8, 0.8, 0.75, 0.75, 0.83, 0.8, 0.67, 0.67, 0.67, 0.5, 0.8]
My Average Score: 0.71
Match Rate:  1.0
Perfect Match Rate: 0.04
Official Score (1 for full): 0.42400000000000004
Index: 9 ======================================================================
My Scores (1 for full): [0.5, 0.8, 0.8, 0.67, 1.0, 0.4, 0.67, 0.67, 0.67, 0.67, 0.67, 0.67, 0.4, 0.75, 0.67, 0.4, 0.75, 0.71, 0.8, 0.75, 0.75, 0.8, 0.86, 0.67, 0.86, 0.4, 0.75, 0.4, 0.75, 0.4, 0.8, 0.86, 0.8, 0.8, 0.8, 0.8, 0.75, 0.67, 1.0, 0.8, 0.8, 0.75, 0.75, 0.83, 0.8, 0.67, 0.67, 0.67, 0.5, 0.8]
My Average Score: 0.71
Match Rate:  1.0
Perfect Match Rate: 0.04
Official Score (1 for full): 0.42400000000000004
Index: 10 ======================================================================
My Scores (1 for full): [0.5, 0.8, 0.4, 0.44, 1.0, 0.4, 0.44, 0.44, 0.44, 0.44, 0.67, 0.67, 0.4, 0.5, 0.67, 0.4, 0.5, 0.57, 0.8, 0.5, 0.5, 0.8, 0.57, 0.67, 0.57, 0.4, 0.5, 0.4, 0.5, 0.4, 0.8, 0.57, 0.8, 0.8, 0.8, 0.8, 0.5, 0.67, 1.0, 0.8, 0.8, 0.5, 0.5, 0.67, 0.8, 0.44, 0.67, 0.67, 0.5, 0.8]
My Average Score: 0.6
Match Rate:  1.0
Perfect Match Rate: 0.02
Official Score (1 for full): 0.41200000000000003
Index: 11 ======================================================================
My Scores (1 for full): [0.0, 0.0, 0.0, 0.0, 0.0, 0.0, 0.0, 0.0, 0.0, 0.0, 0.0, 0.0, 0.0, 0.0, 0.0, 0.0, 0.0, 0.0, 0.0, 0.0, 0.0, 0.0, 0.0, 0.0, 0.0, 0.0, 0.0, 0.0, 0.0, 0.0, 0.0, 0.0, 0.0, 0.0, 0.0, 0.0, 0.0, 0.0, 0.0, 0.0, 0.0, 0.0, 0.0, 0.0, 0.0, 0.0, 0.0, 0.0, 0.0, 0.0]
My Average Score: 0.0
Match Rate:  0.0
Perfect Match Rate: 0.0
Official Score (1 for full): 0.0
Index: 12 ======================================================================
My Scores (1 for full): [0.75, 0.4, 0.4, 0.33, 0.5, 0.8, 0.33, 0.33, 0.33, 0.33, 0.33, 0.67, 0.6, 0.38, 0.33, 0.4, 0.38, 0.43, 0.6, 0.38, 0.38, 0.4, 0.29, 0.33, 0.29, 0.6, 0.38, 0.8, 0.38, 0.8, 0.4, 0.29, 0.4, 0.4, 0.6, 0.4, 0.38, 0.67, 0.5, 0.6, 0.4, 0.38, 0.38, 0.5, 0.4, 0.33, 0.33, 0.33, 0.75, 0.4]
My Average Score: 0.45
Match Rate:  1.0
Perfect Match Rate: 0.0
Official Score (1 for full): 0.4
Index: 13 ======================================================================
My Scores (1 for full): [0.5, 0.8, 0.8, 0.67, 1.0, 0.4, 0.67, 0.67, 0.67, 0.67, 0.67, 0.67, 0.4, 0.75, 0.67, 0.4, 0.75, 0.71, 0.8, 0.75, 0.75, 0.8, 0.86, 0.67, 0.86, 0.4, 0.75, 0.4, 0.75, 0.4, 0.8, 0.86, 0.8, 0.8, 0.8, 0.8, 0.75, 0.67, 1.0, 0.8, 0.8, 0.75, 0.75, 0.83, 0.8, 0.67, 0.67, 0.67, 0.5, 0.8]
My Average Score: 0.71
Match Rate:  1.0
Perfect Match Rate: 0.04
Official Score (1 for full): 0.42400000000000004
Index: 14 ======================================================================
My Scores (1 for full): [0.5, 0.8, 0.8, 0.44, 1.0, 0.4, 0.44, 0.44, 0.44, 0.44, 0.67, 0.67, 0.4, 0.5, 0.67, 0.4, 0.5, 0.57, 0.8, 0.5, 0.5, 0.8, 0.57, 0.67, 0.57, 0.4, 0.5, 0.4, 0.5, 0.4, 0.8, 0.57, 0.8, 0.8, 0.8, 0.8, 0.5, 0.67, 1.0, 0.8, 0.8, 0.5, 0.5, 0.83, 0.8, 0.44, 0.67, 0.67, 0.5, 0.8]
My Average Score: 0.61
Match Rate:  1.0
Perfect Match Rate: 0.04
Official Score (1 for full): 0.42400000000000004
Index: 15 ======================================================================
My Scores (1 for full): [0.75, 0.6, 1.0, 0.33, 0.75, 0.6, 0.33, 0.33, 0.33, 0.33, 0.5, 1.0, 0.6, 0.38, 0.5, 0.6, 0.38, 0.43, 0.6, 0.38, 0.38, 0.6, 0.43, 0.5, 0.43, 0.6, 0.38, 0.6, 0.38, 0.6, 0.6, 0.43, 0.6, 0.6, 0.6, 0.6, 0.38, 1.0, 0.75, 0.6, 0.6, 0.38, 0.38, 0.67, 0.6, 0.33, 0.5, 0.5, 0.75, 0.6]
My Average Score: 0.54
Match Rate:  1.0
Perfect Match Rate: 0.06
Official Score (1 for full): 0.436
Index: 16 ======================================================================
My Scores (1 for full): [0.5, 0.8, 0.8, 0.67, 1.0, 0.4, 0.67, 0.67, 0.67, 0.67, 0.67, 0.67, 0.4, 0.75, 0.67, 0.4, 0.75, 0.71, 0.8, 0.75, 0.75, 0.8, 0.86, 0.67, 0.86, 0.4, 0.75, 0.4, 0.75, 0.4, 0.8, 0.86, 0.8, 0.8, 0.8, 0.8, 0.75, 0.67, 1.0, 0.8, 0.8, 0.75, 0.75, 0.83, 0.8, 0.67, 0.67, 0.67, 0.5, 0.8]
My Average Score: 0.71
Match Rate:  1.0
Perfect Match Rate: 0.02
Official Score (1 for full): 0.41200000000000003
Index: 17 ======================================================================
My Scores (1 for full): [0.5, 0.8, 0.4, 0.67, 1.0, 0.4, 0.67, 0.67, 0.67, 0.67, 0.67, 0.67, 0.4, 0.75, 0.67, 0.4, 0.75, 0.71, 1.0, 0.75, 0.75, 0.8, 0.86, 0.67, 0.86, 0.4, 0.75, 0.4, 0.75, 0.4, 0.8, 0.86, 0.8, 0.8, 0.8, 0.8, 0.75, 0.67, 1.0, 1.0, 0.8, 0.75, 0.75, 0.67, 0.8, 0.67, 0.67, 0.67, 0.5, 0.8]
My Average Score: 0.7
Match Rate:  1.0
Perfect Match Rate: 0.0
Official Score (1 for full): 0.4
Index: 18 ======================================================================
My Scores (1 for full): [0.5, 0.8, 0.8, 0.44, 1.0, 0.4, 0.44, 0.44, 0.44, 0.44, 0.67, 0.67, 0.4, 0.5, 0.67, 0.4, 0.5, 0.57, 0.8, 0.5, 0.5, 0.8, 0.57, 0.67, 0.57, 0.4, 0.5, 0.4, 0.5, 0.4, 0.8, 0.57, 0.8, 0.8, 0.8, 0.8, 0.5, 0.67, 1.0, 0.8, 0.8, 0.5, 0.5, 0.83, 0.8, 0.44, 0.67, 0.67, 0.5, 0.8]
My Average Score: 0.61
Match Rate:  1.0
Perfect Match Rate: 0.04
Official Score (1 for full): 0.42400000000000004
Index: 19 ======================================================================
My Scores (1 for full): [0.5, 0.8, 0.8, 0.67, 1.0, 0.4, 0.67, 0.67, 0.67, 0.67, 0.67, 0.67, 0.4, 0.75, 0.67, 0.4, 0.75, 0.71, 0.8, 0.75, 0.75, 0.8, 0.86, 0.67, 0.86, 0.4, 0.75, 0.4, 0.75, 0.4, 0.8, 0.86, 0.8, 0.8, 0.8, 0.8, 0.75, 0.67, 1.0, 0.8, 0.8, 0.75, 0.75, 0.83, 0.8, 0.67, 0.67, 0.67, 0.5, 0.8]
My Average Score: 0.71
Match Rate:  1.0
Perfect Match Rate: 0.04
Official Score (1 for full): 0.42400000000000004
Index: 20 ======================================================================
My Scores (1 for full): [0.5, 0.8, 0.4, 0.67, 1.0, 0.4, 0.67, 0.67, 0.67, 0.67, 0.67, 0.67, 0.4, 0.75, 0.67, 0.4, 0.75, 0.71, 0.8, 0.75, 0.75, 0.8, 0.86, 0.67, 0.86, 0.4, 0.75, 0.4, 0.75, 0.4, 0.8, 0.86, 0.8, 0.8, 0.8, 0.8, 0.75, 0.67, 1.0, 0.8, 0.8, 0.75, 0.75, 0.67, 0.8, 0.67, 0.67, 0.67, 0.5, 0.8]
My Average Score: 0.7
Match Rate:  1.0
Perfect Match Rate: 0.0
Official Score (1 for full): 0.4
Index: 21 ======================================================================
My Scores (1 for full): [0.5, 1.0, 0.4, 0.56, 1.0, 0.4, 0.56, 0.56, 0.56, 0.56, 0.67, 0.67, 0.4, 0.62, 0.67, 0.4, 0.62, 0.71, 0.8, 0.62, 0.62, 1.0, 0.71, 0.67, 0.71, 0.4, 0.62, 0.4, 0.62, 0.4, 1.0, 0.71, 0.8, 0.8, 0.8, 0.8, 0.62, 0.67, 1.0, 0.8, 0.8, 0.62, 0.62, 0.67, 0.8, 0.56, 0.67, 0.67, 0.5, 0.8]
My Average Score: 0.66
Match Rate:  1.0
Perfect Match Rate: 0.1
Official Score (1 for full): 0.46
Index: 22 ======================================================================
My Scores (1 for full): [0.5, 0.8, 0.8, 0.67, 1.0, 0.4, 0.67, 0.67, 0.67, 0.67, 0.67, 0.67, 0.4, 0.75, 0.67, 0.4, 0.75, 0.71, 0.8, 0.75, 0.75, 0.8, 0.86, 0.67, 0.86, 0.4, 0.75, 0.4, 0.75, 0.4, 0.8, 0.86, 0.8, 0.8, 0.8, 0.8, 0.75, 0.67, 1.0, 0.8, 0.8, 0.75, 0.75, 0.83, 0.8, 0.67, 0.67, 0.67, 0.5, 0.8]
My Average Score: 0.71
Match Rate:  1.0
Perfect Match Rate: 0.04
Official Score (1 for full): 0.42400000000000004
Index: 23 ======================================================================
My Scores (1 for full): [0.5, 0.8, 0.8, 0.44, 1.0, 0.4, 0.44, 0.44, 0.44, 0.44, 0.67, 0.67, 0.4, 0.5, 0.67, 0.4, 0.5, 0.57, 0.8, 0.5, 0.5, 0.8, 0.57, 0.67, 0.57, 0.4, 0.5, 0.4, 0.5, 0.4, 0.8, 0.57, 0.8, 0.8, 0.8, 0.8, 0.5, 0.67, 1.0, 0.8, 0.8, 0.5, 0.5, 0.83, 0.8, 0.44, 0.67, 0.67, 0.5, 0.8]
My Average Score: 0.61
Match Rate:  1.0
Perfect Match Rate: 0.04
Official Score (1 for full): 0.42400000000000004
Index: 24 ======================================================================
My Scores (1 for full): [0.5, 0.8, 0.4, 0.78, 1.0, 0.4, 0.78, 0.78, 0.78, 0.78, 0.67, 0.67, 0.4, 0.88, 0.67, 0.4, 0.88, 0.86, 0.8, 0.88, 0.88, 0.8, 1.0, 0.67, 1.0, 0.4, 0.88, 0.4, 0.88, 0.4, 0.8, 1.0, 0.8, 0.8, 0.8, 0.8, 0.88, 0.67, 1.0, 0.8, 0.8, 0.88, 0.88, 0.67, 0.8, 0.78, 0.67, 0.67, 0.5, 0.8]
My Average Score: 0.74
Match Rate:  1.0
Perfect Match Rate: 0.1
Official Score (1 for full): 0.46
Index: 25 ======================================================================
My Scores (1 for full): [0.5, 0.4, 0.4, 0.22, 0.5, 0.4, 0.22, 0.22, 0.22, 0.22, 0.33, 0.67, 0.6, 0.25, 0.33, 0.4, 0.25, 0.29, 0.6, 0.25, 0.25, 0.4, 0.29, 0.33, 0.29, 0.6, 0.25, 0.4, 0.25, 0.4, 0.4, 0.29, 0.4, 0.4, 0.4, 0.4, 0.25, 0.67, 0.5, 0.6, 0.4, 0.25, 0.25, 0.5, 0.4, 0.22, 0.33, 0.33, 0.5, 0.4]
My Average Score: 0.37
Match Rate:  1.0
Perfect Match Rate: 0.0
Official Score (1 for full): 0.4
Index: 26 ======================================================================
My Scores (1 for full): [0.5, 0.8, 0.8, 0.67, 1.0, 0.4, 0.67, 0.67, 0.67, 0.67, 0.67, 0.67, 0.4, 0.75, 0.67, 0.4, 0.75, 0.71, 0.8, 0.75, 0.75, 0.8, 0.86, 0.67, 0.86, 0.4, 0.75, 0.4, 0.75, 0.4, 0.8, 0.86, 0.8, 0.8, 0.8, 0.8, 0.75, 0.67, 1.0, 0.8, 0.8, 0.75, 0.75, 0.83, 0.8, 0.67, 0.67, 0.67, 0.5, 0.8]
My Average Score: 0.71
Match Rate:  1.0
Perfect Match Rate: 0.04
Official Score (1 for full): 0.42400000000000004
Index: 27 ======================================================================
My Scores (1 for full): [1.0, 0.4, 0.4, 0.22, 0.5, 1.0, 0.22, 0.22, 0.22, 0.22, 0.33, 0.67, 0.6, 0.25, 0.33, 0.4, 0.25, 0.29, 0.6, 0.25, 0.25, 0.4, 0.29, 0.33, 0.29, 0.6, 0.25, 1.0, 0.25, 1.0, 0.4, 0.29, 0.4, 0.4, 0.6, 0.4, 0.25, 0.67, 0.5, 0.6, 0.4, 0.25, 0.25, 0.5, 0.4, 0.22, 0.33, 0.33, 1.0, 0.4]
My Average Score: 0.43
Match Rate:  1.0
Perfect Match Rate: 0.1
Official Score (1 for full): 0.46
Index: 28 ======================================================================
My Scores (1 for full): [0.5, 0.8, 0.8, 0.67, 1.0, 0.4, 0.67, 0.67, 0.67, 0.67, 0.67, 0.67, 0.4, 0.75, 0.67, 0.4, 0.75, 0.71, 0.8, 0.75, 0.75, 0.8, 0.86, 0.67, 0.86, 0.4, 0.75, 0.4, 0.75, 0.4, 0.8, 0.86, 0.8, 0.8, 0.8, 0.8, 0.75, 0.67, 1.0, 0.8, 0.8, 0.75, 0.75, 0.83, 0.8, 0.67, 0.67, 0.67, 0.5, 0.8]
My Average Score: 0.71
Match Rate:  1.0
Perfect Match Rate: 0.04
Official Score (1 for full): 0.42400000000000004
Index: 29 ======================================================================
My Scores (1 for full): [1.0, 0.4, 0.4, 0.22, 0.5, 1.0, 0.22, 0.22, 0.22, 0.22, 0.33, 0.67, 0.6, 0.25, 0.33, 0.4, 0.25, 0.29, 0.6, 0.25, 0.25, 0.4, 0.29, 0.33, 0.29, 0.6, 0.25, 1.0, 0.25, 1.0, 0.4, 0.29, 0.4, 0.4, 0.6, 0.4, 0.25, 0.67, 0.5, 0.6, 0.4, 0.25, 0.25, 0.5, 0.4, 0.22, 0.33, 0.33, 1.0, 0.4]
My Average Score: 0.43
Match Rate:  1.0
Perfect Match Rate: 0.1
Official Score (1 for full): 0.46
Index: 30 ======================================================================
My Scores (1 for full): [0.5, 1.0, 0.4, 0.56, 1.0, 0.4, 0.56, 0.56, 0.56, 0.56, 0.67, 0.67, 0.4, 0.62, 0.67, 0.4, 0.62, 0.71, 0.8, 0.62, 0.62, 1.0, 0.71, 0.67, 0.71, 0.4, 0.62, 0.4, 0.62, 0.4, 1.0, 0.71, 0.8, 0.8, 0.8, 0.8, 0.62, 0.67, 1.0, 0.8, 0.8, 0.62, 0.62, 0.67, 0.8, 0.56, 0.67, 0.67, 0.5, 0.8]
My Average Score: 0.66
Match Rate:  1.0
Perfect Match Rate: 0.1
Official Score (1 for full): 0.46
Index: 31 ======================================================================
My Scores (1 for full): [0.25, 0.6, 0.2, 0.67, 1.0, 0.2, 0.67, 0.67, 0.67, 0.67, 0.5, 0.33, 0.2, 0.75, 0.5, 0.2, 0.75, 0.71, 0.6, 0.75, 0.75, 0.6, 1.0, 0.5, 1.0, 0.2, 0.75, 0.2, 0.75, 0.2, 0.6, 1.0, 0.6, 0.6, 0.6, 0.6, 0.75, 0.33, 1.0, 0.6, 0.6, 0.75, 0.75, 0.5, 0.6, 0.67, 0.5, 0.5, 0.25, 0.6]
My Average Score: 0.58
Match Rate:  1.0
Perfect Match Rate: 0.1
Official Score (1 for full): 0.46
Index: 32 ======================================================================
My Scores (1 for full): [0.5, 0.8, 0.8, 0.44, 1.0, 0.4, 0.44, 0.44, 0.44, 0.44, 0.67, 0.67, 0.4, 0.5, 0.67, 0.4, 0.5, 0.57, 0.8, 0.5, 0.5, 0.8, 0.57, 0.67, 0.57, 0.4, 0.5, 0.4, 0.5, 0.4, 0.8, 0.57, 0.8, 0.8, 0.8, 0.8, 0.5, 0.67, 1.0, 0.8, 0.8, 0.5, 0.5, 0.83, 0.8, 0.44, 0.67, 0.67, 0.5, 0.8]
My Average Score: 0.61
Match Rate:  1.0
Perfect Match Rate: 0.04
Official Score (1 for full): 0.42400000000000004
Index: 33 ======================================================================
My Scores (1 for full): [0.5, 0.8, 0.8, 0.44, 1.0, 0.4, 0.44, 0.44, 0.44, 0.44, 0.67, 0.67, 0.4, 0.5, 0.67, 0.4, 0.5, 0.57, 0.8, 0.5, 0.5, 0.8, 0.57, 0.67, 0.57, 0.4, 0.5, 0.4, 0.5, 0.4, 0.8, 0.57, 0.8, 0.8, 0.8, 0.8, 0.5, 0.67, 1.0, 0.8, 0.8, 0.5, 0.5, 0.83, 0.8, 0.44, 0.67, 0.67, 0.5, 0.8]
My Average Score: 0.61
Match Rate:  1.0
Perfect Match Rate: 0.04
Official Score (1 for full): 0.42400000000000004
Index: 34 ======================================================================
My Scores (1 for full): [0.75, 0.8, 0.4, 0.44, 1.0, 0.6, 0.44, 0.44, 0.44, 0.44, 0.67, 0.67, 0.4, 0.5, 0.67, 0.4, 0.5, 0.57, 0.8, 0.5, 0.5, 0.8, 0.57, 0.67, 0.57, 0.4, 0.5, 0.6, 0.5, 0.6, 0.8, 0.57, 0.8, 0.8, 1.0, 0.8, 0.5, 0.67, 1.0, 0.8, 0.8, 0.5, 0.5, 0.67, 0.8, 0.44, 0.67, 0.67, 0.75, 0.8]
My Average Score: 0.63
Match Rate:  1.0
Perfect Match Rate: 0.06
Official Score (1 for full): 0.436
Index: 35 ======================================================================
My Scores (1 for full): [0.5, 0.8, 0.8, 0.44, 1.0, 0.4, 0.44, 0.44, 0.44, 0.44, 0.67, 0.67, 0.4, 0.5, 0.67, 0.4, 0.5, 0.57, 0.8, 0.5, 0.5, 0.8, 0.57, 0.67, 0.57, 0.4, 0.5, 0.4, 0.5, 0.4, 0.8, 0.57, 0.8, 0.8, 0.8, 0.8, 0.5, 0.67, 1.0, 0.8, 0.8, 0.5, 0.5, 0.83, 0.8, 0.44, 0.67, 0.67, 0.5, 0.8]
My Average Score: 0.61
Match Rate:  1.0
Perfect Match Rate: 0.04
Official Score (1 for full): 0.42400000000000004
Index: 36 ======================================================================
My Scores (1 for full): [0.5, 0.8, 0.8, 0.67, 1.0, 0.4, 0.67, 0.67, 0.67, 0.67, 0.67, 0.67, 0.4, 0.75, 0.67, 0.4, 0.75, 0.71, 0.8, 0.75, 0.75, 0.8, 0.86, 0.67, 0.86, 0.4, 0.75, 0.4, 0.75, 0.4, 0.8, 0.86, 0.8, 0.8, 0.8, 0.8, 0.75, 0.67, 1.0, 0.8, 0.8, 0.75, 0.75, 0.83, 0.8, 0.67, 0.67, 0.67, 0.5, 0.8]
My Average Score: 0.71
Match Rate:  1.0
Perfect Match Rate: 0.04
Official Score (1 for full): 0.42400000000000004
Index: 37 ======================================================================
My Scores (1 for full): [0.5, 0.4, 0.8, 0.22, 0.5, 0.4, 0.22, 0.22, 0.22, 0.22, 0.33, 0.67, 0.4, 0.25, 0.33, 0.4, 0.25, 0.29, 0.4, 0.25, 0.25, 0.4, 0.29, 0.33, 0.29, 0.4, 0.25, 0.4, 0.25, 0.4, 0.4, 0.29, 0.4, 0.4, 0.4, 0.4, 0.25, 0.67, 0.5, 0.4, 0.4, 0.25, 0.25, 0.5, 0.4, 0.22, 0.33, 0.33, 0.5, 0.4]
My Average Score: 0.36
Match Rate:  1.0
Perfect Match Rate: 0.0
Official Score (1 for full): 0.4
Index: 38 ======================================================================
My Scores (1 for full): [0.5, 0.8, 0.4, 0.44, 1.0, 0.4, 0.44, 0.44, 0.44, 0.44, 0.67, 0.67, 0.4, 0.5, 0.67, 0.4, 0.5, 0.57, 0.8, 0.5, 0.5, 0.8, 0.57, 0.67, 0.57, 0.4, 0.5, 0.4, 0.5, 0.4, 0.8, 0.57, 0.8, 0.8, 0.8, 0.8, 0.5, 0.67, 1.0, 0.8, 0.8, 0.5, 0.5, 0.67, 0.8, 0.44, 0.67, 0.67, 0.5, 0.8]
My Average Score: 0.6
Match Rate:  1.0
Perfect Match Rate: 0.04
Official Score (1 for full): 0.42400000000000004
Index: 39 ======================================================================
My Scores (1 for full): [0.5, 0.8, 0.8, 0.44, 1.0, 0.4, 0.44, 0.44, 0.44, 0.44, 0.67, 0.67, 0.4, 0.5, 0.67, 0.4, 0.5, 0.57, 0.8, 0.5, 0.5, 0.8, 0.57, 0.67, 0.57, 0.4, 0.5, 0.4, 0.5, 0.4, 0.8, 0.57, 0.8, 0.8, 0.8, 0.8, 0.5, 0.67, 1.0, 0.8, 0.8, 0.5, 0.5, 0.83, 0.8, 0.44, 0.67, 0.67, 0.5, 0.8]
My Average Score: 0.61
Match Rate:  1.0
Perfect Match Rate: 0.04
Official Score (1 for full): 0.42400000000000004
Index: 40 ======================================================================
My Scores (1 for full): [0.5, 0.8, 0.8, 0.44, 1.0, 0.4, 0.44, 0.44, 0.44, 0.44, 0.67, 0.67, 0.4, 0.5, 0.67, 0.4, 0.5, 0.57, 0.8, 0.5, 0.5, 0.8, 0.57, 0.67, 0.57, 0.4, 0.5, 0.4, 0.5, 0.4, 0.8, 0.57, 0.8, 0.8, 0.8, 0.8, 0.5, 0.67, 1.0, 0.8, 0.8, 0.5, 0.5, 0.83, 0.8, 0.44, 0.67, 0.67, 0.5, 0.8]
My Average Score: 0.61
Match Rate:  1.0
Perfect Match Rate: 0.04
Official Score (1 for full): 0.42400000000000004
Index: 41 ======================================================================
My Scores (1 for full): [0.5, 0.8, 0.8, 0.67, 1.0, 0.4, 0.67, 0.67, 0.67, 0.67, 0.67, 0.67, 0.4, 0.75, 0.67, 0.4, 0.75, 0.71, 0.8, 0.75, 0.75, 0.8, 0.86, 0.67, 0.86, 0.4, 0.75, 0.4, 0.75, 0.4, 0.8, 0.86, 0.8, 0.8, 0.8, 0.8, 0.75, 0.67, 1.0, 0.8, 0.8, 0.75, 0.75, 0.83, 0.8, 0.67, 0.67, 0.67, 0.5, 0.8]
My Average Score: 0.71
Match Rate:  1.0
Perfect Match Rate: 0.04
Official Score (1 for full): 0.42400000000000004
Index: 42 ======================================================================
My Scores (1 for full): [0.5, 0.8, 0.8, 0.67, 1.0, 0.4, 0.67, 0.67, 0.67, 0.67, 0.67, 0.67, 0.4, 0.75, 0.67, 0.4, 0.75, 0.71, 0.8, 0.75, 0.75, 0.8, 0.86, 0.67, 0.86, 0.4, 0.75, 0.4, 0.75, 0.4, 0.8, 0.86, 0.8, 0.8, 0.8, 0.8, 0.75, 0.67, 1.0, 0.8, 0.8, 0.75, 0.75, 0.83, 0.8, 0.67, 0.67, 0.67, 0.5, 0.8]
My Average Score: 0.71
Match Rate:  1.0
Perfect Match Rate: 0.02
Official Score (1 for full): 0.41200000000000003
Index: 43 ======================================================================
My Scores (1 for full): [0.5, 0.8, 0.8, 0.44, 1.0, 0.4, 0.44, 0.44, 0.44, 0.44, 0.67, 0.67, 0.4, 0.5, 0.67, 0.4, 0.5, 0.57, 0.8, 0.5, 0.5, 0.8, 0.57, 0.67, 0.57, 0.4, 0.5, 0.4, 0.5, 0.4, 0.8, 0.57, 0.8, 0.8, 0.8, 0.8, 0.5, 0.67, 1.0, 0.8, 0.8, 0.5, 0.5, 0.83, 0.8, 0.44, 0.67, 0.67, 0.5, 0.8]
My Average Score: 0.61
Match Rate:  1.0
Perfect Match Rate: 0.04
Official Score (1 for full): 0.42400000000000004
Index: 44 ======================================================================
My Scores (1 for full): [0.5, 0.8, 0.4, 0.44, 1.0, 0.4, 0.44, 0.44, 0.44, 0.44, 0.83, 0.67, 0.4, 0.5, 0.83, 0.6, 0.5, 0.57, 0.8, 0.5, 0.5, 0.8, 0.57, 0.83, 0.57, 0.4, 0.5, 0.4, 0.5, 0.4, 0.8, 0.57, 1.0, 1.0, 0.8, 1.0, 0.5, 0.67, 1.0, 0.8, 1.0, 0.5, 0.5, 0.67, 1.0, 0.44, 0.83, 0.83, 0.5, 1.0]
My Average Score: 0.65
Match Rate:  1.0
Perfect Match Rate: 0.16
Official Score (1 for full): 0.496
Index: 45 ======================================================================
My Scores (1 for full): [0.5, 0.8, 0.8, 0.67, 1.0, 0.4, 0.67, 0.67, 0.67, 0.67, 0.67, 0.67, 0.4, 0.75, 0.67, 0.4, 0.75, 0.71, 0.8, 0.75, 0.75, 0.8, 0.86, 0.67, 0.86, 0.4, 0.75, 0.4, 0.75, 0.4, 0.8, 0.86, 0.8, 0.8, 0.8, 0.8, 0.75, 0.67, 1.0, 0.8, 0.8, 0.75, 0.75, 0.83, 0.8, 0.67, 0.67, 0.67, 0.5, 0.8]
My Average Score: 0.71
Match Rate:  1.0
Perfect Match Rate: 0.04
Official Score (1 for full): 0.42400000000000004
Index: 46 ======================================================================
My Scores (1 for full): [0.5, 0.8, 0.4, 0.44, 1.0, 0.4, 0.44, 0.44, 0.44, 0.44, 0.67, 0.67, 0.4, 0.5, 0.67, 0.4, 0.5, 0.57, 0.8, 0.5, 0.5, 0.8, 0.57, 0.67, 0.57, 0.4, 0.5, 0.4, 0.5, 0.4, 0.8, 0.57, 0.8, 0.8, 0.8, 0.8, 0.5, 0.67, 1.0, 0.8, 0.8, 0.5, 0.5, 0.67, 0.8, 0.44, 0.67, 0.67, 0.5, 0.8]
My Average Score: 0.6
Match Rate:  1.0
Perfect Match Rate: 0.04
Official Score (1 for full): 0.42400000000000004
Index: 47 ======================================================================
My Scores (1 for full): [0.5, 0.8, 0.4, 0.44, 1.0, 0.4, 0.44, 0.44, 0.44, 0.44, 0.83, 0.67, 0.4, 0.5, 1.0, 0.6, 0.5, 0.57, 0.8, 0.5, 0.5, 0.8, 0.57, 0.83, 0.57, 0.4, 0.5, 0.4, 0.5, 0.4, 0.8, 0.57, 0.8, 0.8, 0.8, 0.8, 0.5, 0.67, 1.0, 0.8, 0.8, 0.5, 0.5, 0.67, 0.8, 0.44, 1.0, 0.83, 0.5, 0.8]
My Average Score: 0.63
Match Rate:  1.0
Perfect Match Rate: 0.0
Official Score (1 for full): 0.4
Index: 48 ======================================================================
My Scores (1 for full): [1.0, 0.4, 0.4, 0.22, 0.5, 0.6, 0.22, 0.22, 0.22, 0.22, 0.33, 0.67, 0.4, 0.25, 0.33, 0.4, 0.25, 0.29, 0.4, 0.25, 0.25, 0.4, 0.29, 0.33, 0.29, 0.4, 0.25, 0.6, 0.25, 0.6, 0.4, 0.29, 0.4, 0.4, 0.6, 0.4, 0.25, 0.67, 0.5, 0.4, 0.4, 0.25, 0.25, 0.33, 0.4, 0.22, 0.33, 0.33, 1.0, 0.4]
My Average Score: 0.39
Match Rate:  1.0
Perfect Match Rate: 0.04
Official Score (1 for full): 0.42400000000000004
Index: 49 ======================================================================
My Scores (1 for full): [0.5, 0.8, 0.8, 0.44, 1.0, 0.4, 0.44, 0.44, 0.44, 0.44, 0.67, 0.67, 0.4, 0.5, 0.67, 0.4, 0.5, 0.57, 0.8, 0.5, 0.5, 0.8, 0.57, 0.67, 0.57, 0.4, 0.5, 0.4, 0.5, 0.4, 0.8, 0.57, 0.8, 0.8, 0.8, 0.8, 0.5, 0.67, 1.0, 0.8, 0.8, 0.5, 0.5, 0.83, 0.8, 0.44, 0.67, 0.67, 0.5, 0.8]
My Average Score: 0.61
Match Rate:  1.0
Perfect Match Rate: 0.04
Official Score (1 for full): 0.42400000000000004
